3.775	0.012	0	0
3.773	0.012	0	0.852108022
3.771	0.012	0	0.857298989
3.769	0.012	0	0.862404227
3.768	0.012	0	0.867423226
3.766	0.012	0	0.872355482
3.764	0.012	0	0.877200504
3.762	0.012	0	0.881957807
3.761	0.012	0	0.886626914
3.759	0.012	0	0.89120736
3.757	0.012	0	0.895698686
3.755	0.012	0	0.900100442
3.753	0.012	0	0.904412189
3.752	0.012	0	0.908633496
3.750	0.012	0	0.91276394
3.748	0.012	0	0.916803109
3.746	0.012	0	0.920750598
3.744	0.012	0	0.924606012
3.743	0.012	0	0.928368967
3.741	0.012	0	0.932039086
3.739	0.012	0	0.935616002
3.737	0.012	0	0.939099356
3.736	0.012	0	0.942488802
3.734	0.012	0	0.945783999
3.732	0.012	0	0.948984619
3.730	0.012	0	0.952090342
3.728	0.012	0	0.955100856
3.727	0.012	0	0.95801586
3.725	0.012	0	0.960835064
3.723	0.012	0	0.963558185
3.721	0.012	0	0.966184952
3.720	0.012	0	0.9687151
3.718	0.012	0	0.971148378
3.716	0.012	0	0.973484542
3.714	0.012	0	0.975723358
3.712	0.012	0	0.977864602
3.711	0.012	0	0.979908061
3.709	0.012	0	0.98185353
3.707	0.012	0	0.983700815
3.705	0.012	0	0.98544973
3.704	0.012	0	0.987100101
3.702	0.012	0	0.988651763
3.700	0.012	0	0.99010456
3.698	0.012	0	0.991458348
3.697	0.012	0	0.992712991
3.695	0.012	0	0.993868363
3.693	0.012	0	0.99492435
3.691	0.012	0	0.995880845
3.689	0.012	0	0.996737752
3.688	0.012	0	0.997494987
3.686	0.012	0	0.998152472
3.684	0.012	0	0.998710144
3.682	0.012	0	0.999167945
3.681	0.012	0	0.999525831
3.679	0.012	0	0.999783764
3.677	0.012	0	0.99994172
3.675	0.012	0	0.999999683
3.674	0.012	0	0.999957646
3.672	0.012	0	0.999815615
3.670	0.012	0	0.999573603
3.668	0.012	0	0.999231634
3.666	0.012	0	0.998789743
3.665	0.012	0	0.998247974
3.663	0.012	0	0.997606381
3.661	0.012	0	0.996865028
3.659	0.012	0	0.99602399
3.658	0.012	0	0.99508335
3.656	0.012	0	0.994043202
3.654	0.012	0	0.992903651
3.652	0.012	0	0.99166481
3.651	0.012	0	0.990326804
3.649	0.012	0	0.988889766
3.647	0.012	0	0.98735384
3.645	0.012	0	0.985719179
3.644	0.012	0	0.983985947
3.642	0.012	0	0.982154317
3.640	0.012	0	0.980224473
3.638	0.012	0	0.978196607
3.637	0.012	0	0.976070922
3.635	0.012	0	0.973847631
3.633	0.012	0	0.971526956
3.631	0.012	0	0.969109129
3.630	0.012	0	0.966594392
3.628	0.012	0	0.963982996
3.626	0.012	0	0.961275203
3.624	0.012	0	0.958471283
3.623	0.012	0	0.955571517
3.621	0.012	0	0.952576194
3.619	0.012	0	0.949485615
3.617	0.012	0	0.946300088
3.616	0.012	0	0.943019931
3.614	0.012	0	0.939645474
3.612	0.012	0	0.936177052
3.610	0.012	0	0.932615014
3.609	0.012	0	0.928959715
3.607	0.012	0	0.925211521
3.605	0.012	0	0.921370806
3.603	0.012	0	0.917437955
3.602	0.012	0	0.913413361
3.600	0.012	0	0.909297427
3.598	0.012	0	0.905090563
3.596	0.012	0	0.900793192
3.595	0.012	0	0.896405741
3.593	0.012	0	0.891928651
3.591	0.012	0	0.887362369
3.589	0.012	0	0.882707351
3.588	0.012	0	0.877964063
3.586	0.012	0	0.87313298
3.584	0.012	0	0.868214583
3.582	0.012	0	0.863209367
3.581	0.012	0	0.85811783
3.579	0.012	0	0.852940482
3.577	0.012	0	0.84767784
3.575	0.012	0	0.842330432
3.574	0.012	0	0.836898791
3.572	0.012	0	0.831383461
3.570	0.012	0	0.825784993
3.568	0.012	0	0.820103948
3.567	0.012	0	0.814340892
3.565	0.012	0	0.808496404
3.563	0.012	0	0.802571066
3.562	0.012	0	0.796565472
3.560	0.012	0	0.790480222
3.558	0.012	0	0.784315925
3.556	0.012	0	0.778073197
3.555	0.012	0	0.771752662
3.553	0.012	0	0.765354953
3.551	0.012	0	0.758880708
3.549	0.012	0	0.752330576
3.548	0.012	0	0.745705212
3.546	0.012	0	0.739005278
3.544	0.012	0	0.732231444
3.542	0.012	0	0.725384387
3.541	0.012	0	0.718464793
3.539	0.012	0	0.711473353
3.537	0.012	0	0.704410766
3.536	0.012	0	0.697277738
3.534	0.012	0	0.690074984
3.532	0.012	0	0.682803222
3.530	0.012	0	0.675463181
3.529	0.012	0	0.668055593
3.527	0.012	0	0.660581201
3.525	0.012	0	0.653040752
3.523	0.012	0	0.645434998
3.522	0.012	0	0.637764702
3.520	0.012	0	0.63003063
3.518	0.012	0	0.622233555
3.517	0.012	0	0.614374258
3.515	0.012	0	0.606453523
3.513	0.012	0	0.598472144
3.511	0.012	0	0.590430918
3.510	0.012	0	0.58233065
3.508	0.012	0	0.574172148
3.506	0.012	0	0.56595623
3.504	0.012	0	0.557683717
3.503	0.012	0	0.549355436
3.501	0.012	0	0.54097222
3.499	0.012	0	0.532534908
3.498	0.012	0	0.524044342
3.496	0.012	0	0.515501372
3.494	0.012	0	0.506906852
3.492	0.012	0	0.498261642
3.491	0.012	0	0.489566607
3.489	0.012	0	0.480822615
3.487	0.012	0	0.472030541
3.486	0.012	0	0.463191265
3.484	0.012	0	0.45430567
3.482	0.012	0	0.445374645
3.480	0.012	0	0.436399082
3.479	0.012	0	0.42737988
3.477	0.012	0	0.418317941
3.475	0.012	0	0.40921417
3.474	0.012	0	0.400069478
3.472	0.012	0	0.390884779
3.470	0.012	0	0.381660992
3.468	0.012	0	0.372399039
3.467	0.012	0	0.363099847
3.465	0.012	0	0.353764345
3.463	0.012	0	0.344393467
3.462	0.012	0	0.33498815
3.460	0.012	0	0.325549335
3.458	0.012	0	0.316077964
3.456	0.012	0	0.306574986
3.455	0.012	0	0.297041351
3.453	0.012	0	0.287478012
3.451	0.012	0	0.277885926
3.450	0.012	0	0.268266051
3.448	0.012	0	0.25861935
3.446	0.012	0	0.248946787
3.445	0.012	0	0.239249329
3.443	0.012	0	0.229527947
3.441	0.012	0	0.219783612
3.439	0.012	0	0.210017299
3.438	0.012	0	0.200229985
3.436	0.012	0	0.190422647
3.434	0.012	0	0.180596268
3.433	0.012	0	0.170751829
3.431	0.012	0	0.160890315
3.429	0.012	0	0.151012712
3.427	0.012	0	0.141120008
3.426	0.012	0	0.131213192
3.424	0.012	0	0.121293255
3.422	0.012	0	0.111361189
3.421	0.012	0	0.101417986
3.419	0.012	0	0.091464642
3.417	0.012	0	0.081502152
3.416	0.012	0	0.071531511
3.414	0.012	0	0.061553717
3.412	0.012	0	0.051569768
3.410	0.012	0	0.041580662
3.409	0.012	0	0.031587398
3.407	0.012	0	0.021590976
3.405	0.012	0	0.011592394
3.404	0.012	0	0.001592653
3.402	0.012	0	-0.008407247
3.400	0.012	0	-0.018406307
3.399	0.012	0	-0.028403526
3.397	0.012	0	-0.038397905
3.395	0.012	0	-0.048388443
3.394	0.012	0	-0.058374143
3.392	0.012	0	-0.068354006
3.390	0.012	0	-0.078327033
3.388	0.012	0	-0.088292228
3.387	0.012	0	-0.098248594
3.385	0.012	0	-0.108195135
3.383	0.012	0	-0.118130856
3.382	0.012	0	-0.128054764
3.380	0.012	0	-0.137965867
3.378	0.012	0	-0.147863174
3.377	0.012	0	-0.157745694
3.375	0.012	0	-0.16761244
3.373	0.012	0	-0.177462425
3.372	0.012	0	-0.187294664
3.370	0.012	0	-0.197108173
3.368	0.012	0	-0.206901972
3.367	0.012	0	-0.21667508
3.365	0.012	0	-0.226426522
3.363	0.012	0	-0.236155321
3.361	0.012	0	-0.245860504
3.360	0.012	0	-0.255541102
3.358	0.012	0	-0.265196146
3.356	0.012	0	-0.27482467
3.355	0.012	0	-0.284425713
3.353	0.012	0	-0.293998312
3.351	0.012	0	-0.303541513
3.350	0.012	0	-0.313054359
3.348	0.012	0	-0.3225359
3.346	0.012	0	-0.331985188
3.345	0.012	0	-0.341401278
3.343	0.012	0	-0.350783228
3.341	0.012	0	-0.360130099
3.340	0.012	0	-0.369440959
3.338	0.012	0	-0.378714874
3.336	0.012	0	-0.387950918
3.335	0.012	0	-0.397148167
3.333	0.012	0	-0.406305702
3.331	0.012	0	-0.415422607
3.330	0.012	0	-0.424497969
3.328	0.012	0	-0.433530883
3.326	0.012	0	-0.442520443
3.324	0.012	0	-0.451465752
3.323	0.012	0	-0.460365915
3.321	0.012	0	-0.469220041
3.319	0.012	0	-0.478027246
3.318	0.012	0	-0.486786649
3.316	0.012	0	-0.495497373
3.314	0.012	0	-0.504158548
3.313	0.012	0	-0.512769307
3.311	0.012	0	-0.52132879
3.309	0.012	0	-0.529836141
3.308	0.012	0	-0.538290508
3.306	0.012	0	-0.546691047
3.304	0.012	0	-0.555036917
3.303	0.012	0	-0.563327284
3.301	0.012	0	-0.571561319
3.299	0.012	0	-0.579738198
3.298	0.012	0	-0.587857103
3.296	0.012	0	-0.595917224
3.294	0.012	0	-0.603917753
3.293	0.012	0	-0.611857891
3.291	0.012	0	-0.619736844
3.289	0.012	0	-0.627553823
3.288	0.012	0	-0.635308048
3.286	0.012	0	-0.642998742
3.284	0.012	0	-0.650625137
3.283	0.012	0	-0.65818647
3.281	0.012	0	-0.665681985
3.279	0.012	0	-0.673110932
3.278	0.012	0	-0.680472569
3.276	0.012	0	-0.687766159
3.274	0.012	0	-0.694990973
3.273	0.012	0	-0.702146289
3.271	0.012	0	-0.70923139
3.269	0.012	0	-0.716245569
3.268	0.012	0	-0.723188124
3.266	0.012	0	-0.730058361
3.264	0.012	0	-0.736855592
3.263	0.012	0	-0.743579139
3.261	0.012	0	-0.750228328
3.259	0.012	0	-0.756802495
3.258	0.012	0	-0.763300983
3.256	0.012	0	-0.769723141
3.254	0.012	0	-0.776068327
3.253	0.012	0	-0.782335907
3.251	0.012	0	-0.788525254
3.250	0.012	0	-0.79463575
3.248	0.012	0	-0.800666782
3.246	0.012	0	-0.806617749
3.245	0.012	0	-0.812488054
3.243	0.012	0	-0.818277111
3.241	0.012	0	-0.823984341
3.240	0.012	0	-0.829609174
3.238	0.012	0	-0.835151046
3.236	0.012	0	-0.840609404
3.235	0.012	0	-0.845983701
3.233	0.012	0	-0.851273401
3.231	0.012	0	-0.856477974
3.230	0.012	0	-0.8615969
3.228	0.012	0	-0.866629667
3.226	0.012	0	-0.871575772
3.225	0.012	0	-0.87643472
3.223	0.012	0	-0.881206026
3.221	0.012	0	-0.885889211
3.220	0.012	0	-0.890483809
3.218	0.012	0	-0.894989358
3.216	0.012	0	-0.89940541
3.215	0.012	0	-0.903731521
3.213	0.012	0	-0.907967261
3.212	0.012	0	-0.912112204
3.210	0.012	0	-0.916165937
3.208	0.012	0	-0.920128054
3.207	0.012	0	-0.923998159
3.205	0.012	0	-0.927775865
3.203	0.012	0	-0.931460794
3.202	0.012	0	-0.935052578
3.200	0.012	0	-0.938550857
3.198	0.012	0	-0.941955282
3.197	0.012	0	-0.945265512
3.195	0.012	0	-0.948481217
3.193	0.012	0	-0.951602074
3.192	0.012	0	-0.954627772
3.190	0.012	0	-0.957558007
3.189	0.012	0	-0.960392488
3.187	0.012	0	-0.963130931
3.185	0.012	0	-0.965773061
3.184	0.012	0	-0.968318614
3.182	0.012	0	-0.970767337
3.180	0.012	0	-0.973118983
3.179	0.012	0	-0.975373319
3.177	0.012	0	-0.977530118
3.175	0.012	0	-0.979589164
3.174	0.012	0	-0.981550253
3.172	0.012	0	-0.983413188
3.171	0.012	0	-0.985177782
3.169	0.012	0	-0.986843859
3.167	0.012	0	-0.988411252
3.166	0.012	0	-0.989879805
3.164	0.012	0	-0.991249371
3.162	0.012	0	-0.992519813
3.161	0.012	0	-0.993691004
3.159	0.012	0	-0.994762826
3.157	0.012	0	-0.995735173
3.156	0.012	0	-0.996607947
3.154	0.012	0	-0.997381062
3.153	0.012	0	-0.998054439
3.151	0.012	0	-0.998628011
3.149	0.012	0	-0.999101722
3.148	0.012	0	-0.999475523
3.146	0.012	0	-0.999749377
3.144	0.012	0	-0.999923258
3.143	0.012	0	-0.999997146
3.141	0.012	0	-0.999971036
3.140	0.012	0	-0.99984493
3.138	0.012	0	-0.99961884
3.136	0.012	0	-0.999292789
3.135	0.012	0	-0.998866809
3.133	0.012	0	-0.998340944
3.131	0.012	0	-0.997715246
3.130	0.012	0	-0.996989776
3.128	0.012	0	-0.996164609
3.126	0.012	0	-0.995239826
3.125	0.012	0	-0.99421552
3.123	0.012	0	-0.993091793
3.122	0.012	0	-0.991868757
3.120	0.012	0	-0.990546536
3.118	0.012	0	-0.989125261
3.117	0.012	0	-0.987605074
3.115	0.012	0	-0.985986127
3.114	0.012	0	-0.984268583
3.112	0.012	0	-0.982452613
3.110	0.012	0	-0.980538398
3.109	0.012	0	-0.97852613
3.107	0.012	0	-0.97641601
3.105	0.012	0	-0.97420825
3.104	0.012	0	-0.971903069
3.102	0.012	0	-0.969500699
3.101	0.012	0	-0.96700138
3.099	0.012	0	-0.964405362
3.097	0.012	0	-0.961712903
3.096	0.012	0	-0.958924275
3.094	0.012	0	-0.956039754
3.092	0.012	0	-0.953059631
3.091	0.012	0	-0.949984202
3.089	0.012	0	-0.946813776
3.088	0.012	0	-0.943548669
3.086	0.012	0	-0.940189208
3.084	0.012	0	-0.936735728
3.083	0.012	0	-0.933188576
3.081	0.012	0	-0.929548106
3.080	0.012	0	-0.925814682
3.078	0.012	0	-0.921988678
3.076	0.012	0	-0.918070475
3.075	0.012	0	-0.914060466
3.073	0.012	0	-0.909959051
3.071	0.012	0	-0.905766641
3.070	0.012	0	-0.901483656
3.068	0.012	0	-0.897110523
3.067	0.012	0	-0.892647679
3.065	0.012	0	-0.888095572
3.063	0.012	0	-0.883454656
3.062	0.012	0	-0.878725395
3.060	0.012	0	-0.873908262
3.059	0.012	0	-0.869003739
3.057	0.012	0	-0.864012316
3.055	0.012	0	-0.858934493
3.054	0.012	0	-0.853770778
3.052	0.012	0	-0.848521685
3.051	0.012	0	-0.843187742
3.049	0.012	0	-0.83776948
3.047	0.012	0	-0.832267442
3.046	0.012	0	-0.826682178
3.044	0.012	0	-0.821014247
3.043	0.012	0	-0.815264214
3.041	0.012	0	-0.809432656
3.039	0.012	0	-0.803520156
3.038	0.012	0	-0.797527304
3.036	0.012	0	-0.7914547
3.035	0.012	0	-0.785302951
3.033	0.012	0	-0.779072673
3.031	0.012	0	-0.772764488
3.030	0.012	0	-0.766379027
3.028	0.012	0	-0.759916929
3.027	0.012	0	-0.753378839
3.025	0.012	0	-0.746765413
3.023	0.012	0	-0.74007731
3.022	0.012	0	-0.733315201
3.020	0.012	0	-0.726479761
3.019	0.012	0	-0.719571673
3.017	0.012	0	-0.712591628
3.015	0.012	0	-0.705540326
3.014	0.012	0	-0.698418469
3.012	0.012	0	-0.691226772
3.011	0.012	0	-0.683965952
3.009	0.012	0	-0.676636736
3.007	0.012	0	-0.669239857
3.006	0.012	0	-0.661776055
3.004	0.012	0	-0.654246076
3.003	0.012	0	-0.646650672
3.001	0.012	0	-0.638990604
2.999	0.012	0	-0.631266638
2.998	0.012	0	-0.623479545
2.996	0.012	0	-0.615630105
2.995	0.012	0	-0.607719103
2.993	0.012	0	-0.599747329
2.991	0.012	0	-0.591715581
2.990	0.012	0	-0.583624661
2.988	0.012	0	-0.57547538
2.987	0.012	0	-0.567268552
2.985	0.012	0	-0.559004997
2.984	0.012	0	-0.550685543
2.982	0.012	0	-0.54231102
2.980	0.012	0	-0.533882266
2.979	0.012	0	-0.525400125
2.977	0.012	0	-0.516865444
2.976	0.012	0	-0.508279077
2.974	0.012	0	-0.499641883
2.972	0.012	0	-0.490954725
2.971	0.012	0	-0.482218472
2.969	0.012	0	-0.473433997
2.968	0.012	0	-0.464602179
2.966	0.012	0	-0.455723902
2.964	0.012	0	-0.446800052
2.963	0.012	0	-0.437831523
2.961	0.012	0	-0.428819211
2.960	0.012	0	-0.419764018
2.958	0.012	0	-0.410666848
2.957	0.012	0	-0.401528612
2.955	0.012	0	-0.392350224
2.953	0.012	0	-0.383132601
2.952	0.012	0	-0.373876665
2.950	0.012	0	-0.364583341
2.949	0.012	0	-0.35525356
2.947	0.012	0	-0.345888253
2.946	0.012	0	-0.336488358
2.944	0.012	0	-0.327054815
2.942	0.012	0	-0.317588566
2.941	0.012	0	-0.308090559
2.939	0.012	0	-0.298561742
2.938	0.012	0	-0.28900307
2.936	0.012	0	-0.279415498
2.934	0.012	0	-0.269799985
2.933	0.012	0	-0.260157491
2.931	0.012	0	-0.250488983
2.930	0.012	0	-0.240795425
2.928	0.012	0	-0.231077788
2.927	0.012	0	-0.221337044
2.925	0.012	0	-0.211574166
2.923	0.012	0	-0.201790131
2.922	0.012	0	-0.191985917
2.920	0.012	0	-0.182162504
2.919	0.012	0	-0.172320876
2.917	0.012	0	-0.162462015
2.916	0.012	0	-0.152586909
2.914	0.012	0	-0.142696544
2.912	0.012	0	-0.132791909
2.911	0.012	0	-0.122873995
2.909	0.012	0	-0.112943794
2.908	0.012	0	-0.103002299
2.906	0.012	0	-0.093050503
2.905	0.012	0	-0.083089403
2.903	0.012	0	-0.073119994
2.901	0.012	0	-0.063143272
2.900	0.012	0	-0.053160237
2.898	0.012	0	-0.043171885
2.897	0.012	0	-0.033179217
2.895	0.012	0	-0.02318323
2.894	0.012	0	-0.013184925
2.892	0.012	0	-0.003185302
2.891	0.012	0	0.00681464
2.889	0.012	0	0.0168139
2.887	0.012	0	0.02681148
2.886	0.012	0	0.036806377
2.884	0.012	0	0.046797595
2.883	0.012	0	0.056784132
2.881	0.012	0	0.066764992
2.880	0.012	0	0.076739174
2.878	0.012	0	0.086705683
2.876	0.012	0	0.096663522
2.875	0.012	0	0.106611694
2.873	0.012	0	0.116549205
2.872	0.012	0	0.126475061
2.870	0.012	0	0.13638827
2.869	0.012	0	0.14628784
2.867	0.012	0	0.156172782
2.866	0.012	0	0.166042106
2.864	0.012	0	0.175894826
2.862	0.012	0	0.185729957
2.861	0.012	0	0.195546515
2.859	0.012	0	0.205343519
2.858	0.012	0	0.215119988
2.856	0.012	0	0.224874946
2.855	0.012	0	0.234607416
2.853	0.012	0	0.244316426
2.852	0.012	0	0.254001004
2.850	0.012	0	0.263660182
2.848	0.012	0	0.273292995
2.847	0.012	0	0.282898479
2.845	0.012	0	0.292475672
2.844	0.012	0	0.302023619
2.842	0.012	0	0.311541364
2.841	0.012	0	0.321027954
2.839	0.012	0	0.330482442
2.838	0.012	0	0.339903882
2.836	0.012	0	0.349291332
2.834	0.012	0	0.358643853
2.833	0.012	0	0.367960511
2.831	0.012	0	0.377240372
2.830	0.012	0	0.38648251
2.828	0.012	0	0.395685999
2.827	0.012	0	0.404849921
2.825	0.012	0	0.413973357
2.824	0.012	0	0.423055397
2.822	0.012	0	0.432095132
2.820	0.012	0	0.441091657
2.819	0.012	0	0.450044074
2.817	0.012	0	0.458951486
2.816	0.012	0	0.467813004
2.814	0.012	0	0.476627741
2.813	0.012	0	0.485394816
2.811	0.012	0	0.494113351
2.810	0.012	0	0.502782476
2.808	0.012	0	0.511401322
2.807	0.012	0	0.519969029
2.805	0.012	0	0.52848474
2.804	0.012	0	0.536947602
2.802	0.012	0	0.545356771
2.800	0.012	0	0.553711404
2.799	0.012	0	0.562010666
2.797	0.012	0	0.570253728
2.796	0.012	0	0.578439764
2.794	0.012	0	0.586567958
2.793	0.012	0	0.594637495
2.791	0.012	0	0.602647568
2.790	0.012	0	0.610597378
2.788	0.012	0	0.618486128
2.787	0.012	0	0.62631303
2.785	0.012	0	0.634077302
2.783	0.012	0	0.641778166
2.782	0.012	0	0.649414853
2.780	0.012	0	0.656986599
2.779	0.012	0	0.664492647
2.777	0.012	0	0.671932246
2.776	0.012	0	0.679304652
2.774	0.012	0	0.686609129
2.773	0.012	0	0.693844945
2.771	0.012	0	0.701011377
2.770	0.012	0	0.708107709
2.768	0.012	0	0.715133231
2.767	0.012	0	0.722087239
2.765	0.012	0	0.72896904
2.764	0.012	0	0.735777945
2.762	0.012	0	0.742513272
2.760	0.012	0	0.749174348
2.759	0.012	0	0.755760508
2.757	0.012	0	0.762271092
2.756	0.012	0	0.76870545
2.754	0.012	0	0.775062938
2.753	0.012	0	0.78134292
2.751	0.012	0	0.787544769
2.750	0.012	0	0.793667864
2.748	0.012	0	0.799711593
2.747	0.012	0	0.805675351
2.745	0.012	0	0.811558542
2.744	0.012	0	0.817360578
2.742	0.012	0	0.823080879
2.741	0.012	0	0.828718872
2.739	0.012	0	0.834273995
2.738	0.012	0	0.83974569
2.736	0.012	0	0.845133412
2.735	0.012	0	0.850436621
2.733	0.012	0	0.855654787
2.731	0.012	0	0.860787388
2.730	0.012	0	0.865833911
2.728	0.012	0	0.870793852
2.727	0.012	0	0.875666714
2.725	0.012	0	0.88045201
2.724	0.012	0	0.885149261
2.722	0.012	0	0.889757998
2.721	0.012	0	0.894277761
2.719	0.012	0	0.898708096
2.718	0.012	0	0.903048561
2.716	0.012	0	0.907298722
2.715	0.012	0	0.911458154
2.713	0.012	0	0.915526441
2.712	0.012	0	0.919503176
2.710	0.012	0	0.923387961
2.709	0.012	0	0.927180409
2.707	0.012	0	0.930880139
2.706	0.012	0	0.934486782
2.704	0.012	0	0.937999977
2.703	0.012	0	0.941419373
2.701	0.012	0	0.944744627
2.700	0.012	0	0.947975408
2.698	0.012	0	0.951111392
2.697	0.012	0	0.954152266
2.695	0.012	0	0.957097726
2.693	0.012	0	0.959947476
2.692	0.012	0	0.962701233
2.690	0.012	0	0.96535872
2.689	0.012	0	0.967919672
2.687	0.012	0	0.970383833
2.686	0.012	0	0.972750956
2.684	0.012	0	0.975020806
2.683	0.012	0	0.977193153
2.681	0.012	0	0.979267783
2.680	0.012	0	0.981244486
2.678	0.012	0	0.983123066
2.677	0.012	0	0.984903334
2.675	0.012	0	0.986585113
2.674	0.012	0	0.988168234
2.672	0.012	0	0.989652539
2.671	0.012	0	0.99103788
